1.274871334060304839e+01
1.706410184248069584e+01
2.404884104850123805e+01
2.816285268426457478e+01
3.125435198046218233e+01
3.312688419091553982e+01
3.379684000629158191e+01
3.303606258526276207e+01
3.102582317572856851e+01
2.804811566416966073e+01
2.451609338833569751e+01
2.089640484243199836e+01
1.764532085600561118e+01
1.511802863058359314e+01
1.359427881138900851e+01
1.273077950747889808e+01
1.203817905200294902e+01
1.152117073508380152e+01
9.470192736734883709e+00
8.966788843842325107e+00
