-3.154066952458868300e+01
-3.563088471060769535e+01
-4.478757514510227367e+01
-4.745013424270641167e+01
-4.913339022077074958e+01
-4.952789914300088725e+01
-4.958782766278523724e+01
-4.964633208382966245e+01
-4.969631710113929302e+01
-4.973641990845981553e+01
-4.976517982290590680e+01
-4.978198532789587460e+01
-4.978709534360273636e+01
-4.978105199421273142e+01
-4.977039074810083008e+01
-4.941839506004584592e+01
-4.776531672303801201e+01
-4.512384281156991506e+01
-3.592579692741592368e+01
-3.182127311366604516e+01
