0 0.9635 0
0.02 0.962585 -0.000431807
0.04 0.959869 0.00706561
0.06 0.956218 0.0172378
0.08 0.952552 0.0272327
0.1 0.949479 0.0357465
0.12 0.947313 0.0423547
0.14 0.946181 0.0470401
0.16 0.946126 0.0499129
0.18 0.947142 0.0510647
0.2 0.949173 0.050493
0.22 0.952043 0.0480603
0.24 0.955335 0.0434758
0.26 0.958233 0.0363247
0.28 0.959531 0.0251427
0.3 0.958567 0.0131239
0.32 0.956048 0.0145484
0.34 0.952644 0.021412
0.36 0.949204 0.0295649
0.38 0.946323 0.037016
0.4 0.94432 0.0429788
0.42 0.943334 0.0472438
0.44 0.943412 0.0498166
0.46 0.944551 0.0507277
0.48 0.946692 0.0499346
0.5 0.949641 0.04727
0.52 0.952945 0.0424195
0.54 0.955741 0.0349558
0.56 0.956791 0.0222852
0.58 0.955647 0.0124141
0.6 0.952984 0.0147386
0.62 0.949528 0.0218961
0.64 0.946115 0.0300356
0.66 0.94331 0.0373415
0.68 0.941408 0.0431171
0.7 0.940533 0.047191
0.72 0.940727 0.0495786
0.74 0.941981 0.050306
0.76 0.944226 0.0493189
0.78 0.947247 0.0464336
0.8 0.950553 0.0413194
0.82 0.95323 0.033542
0.84 0.954031 0.019791
0.86 0.952708 0.011842
0.88 0.949909 0.01498
0.9 0.94641 0.0223852
0.92 0.943031 0.0304901
0.94 0.940307 0.0376431
0.96 0.938508 0.0432301
0.98 0.937746 0.0471136
1 0.938055 0.0493168
1.02 0.939424 0.0498602
1.04 0.941771 0.0486771
1.06 0.944859 0.0455672
1.08 0.948155 0.0401838
1.1 0.950698 0.0320873
1.12 0.951251 0.0176118
1.14 0.949751 0.0113966
1.16 0.946824 0.0152663
1.18 0.943292 0.0228764
1.2 0.939955 0.0309273
1.22 0.937315 0.0379206
1.24 0.93562 0.0433179
1.26 0.934971 0.0470117
1.28 0.935397 0.049031
1.3 0.93688 0.0493901
1.32 0.939327 0.0480087
1.34 0.942476 0.0446701
1.36 0.945751 0.0390118
1.38 0.948145 0.0305914
1.4 0.948455 0.0157051
1.42 0.946776 0.0110661
1.44 0.943731 0.0155911
1.46 0.940175 0.0233665
1.48 0.936886 0.0313459
1.5 0.934333 0.0381737
1.52 0.932744 0.0433805
1.54 0.932209 0.0468854
1.56 0.932752 0.0487216
1.58 0.934348 0.0488956
1.6 0.936893 0.0473136
1.62 0.940096 0.0437418
1.64 0.94334 0.0378028
1.66 0.945568 0.029054
1.68 0.94564 0.0140407
1.7 0.943784 0.0108397
1.72 0.94063 0.0159486
1.74 0.93706 0.0238528
1.76 0.933824 0.031745
1.78 0.931361 0.0384021
1.8 0.92988 0.0434181
1.82 0.92946 0.046735
1.84 0.93012 0.0483884
1.86 0.93183 0.0483764
1.88 0.934468 0.0465912
1.9 0.93772 0.0427816
1.92 0.940918 0.0365562
1.94 0.942966 0.0274747
1.96 0.942807 0.0125951
1.98 0.940775 0.0107071
2 0.937522 0.0163333
2.02 0.933948 0.0243328
2.04 0.930771 0.0321235
2.06 0.928401 0.0386057
2.08 0.927029 0.0434306
2.1 0.926725 0.0465603
2.12 0.927502 0.0480314
2.14 0.929323 0.0478325
2.16 0.932053 0.0458412
2.18 0.935345 0.0417891
2.2 0.938486 0.0352713
2.22 0.940337 0.0258534
2.24 0.939956 0.0113486
2.26 0.937751 0.0106587
2.28 0.934409 0.0167401
2.3 0.930838 0.024804
2.32 0.927726 0.0324806
2.34 0.925452 0.0387843
2.36 0.92419 0.0434182
2.38 0.924003 0.0463617
2.4 0.924897 0.0476505
2.42 0.926829 0.0472637
2.44 0.929647 0.0450631
2.46 0.932971 0.0407635
2.48 0.936041 0.0339476
2.5 0.93768 0.02419
2.52 0.937085 0.0102841
2.54 0.934711 0.0106857
2.56 0.931292 0.0171642
2.58 0.927734 0.0252644
2.6 0.92469 0.0328157
2.62 0.922515 0.0389379
2.64 0.921365 0.043381
2.66 0.921294 0.0461391
2.68 0.922306 0.0472459
2.7 0.924347 0.0466696
2.72 0.927249 0.0442566
2.74 0.930597 0.0397042
2.76 0.933581 0.0325843
2.78 0.935013 0.0214165
2.8 0.934193 0.00938585
2.82 0.931658 0.0107794
2.84 0.928172 0.0176014
2.86 0.924633 0.0257121
2.88 0.921664 0.033128
2.9 0.919589 0.0390663
2.92 0.918552 0.0433191
2.94 0.918599 0.0458927
2.96 0.919728 0.0468174
2.98 0.921877 0.0460501
3 0.924859 0.043421
3.02 0.92822 0.0386106
3.04 0.931105 0.031181
3.06 0.932308 0.0185239
3.08 0.931282 0.0086398
3.1 0.928592 0.0109322
3.12 0.92505 0.0180476
3.14 0.921539 0.0261455
3.16 0.918647 0.0334172
3.18 0.916676 0.0391696
3.2 0.915752 0.0432327
3.22 0.915917 0.0456225
3.24 0.917163 0.0463649
3.26 0.919419 0.0454048
3.28 0.922475 0.042556
3.3 0.925841 0.0374819
3.32 0.928611 0.0297371
3.34 0.929577 0.0159968
3.36 0.92835 0.00803239
3.38 0.925514 0.0111365
3.4 0.921926 0.0184992
3.42 0.918451 0.0265629
3.44 0.915641 0.0336827
3.46 0.913774 0.0392477
3.48 0.912966 0.0431217
3.5 0.913249 0.0453285
3.52 0.914611 0.0458884
3.54 0.916972 0.0447335
3.56 0.920097 0.0416609
3.58 0.923458 0.0363175
3.6 0.926098 0.0282521
3.62 0.926825 0.0137843
3.64 0.925399 0.0075515
3.66 0.922426 0.0113856
3.68 0.918803 0.0189527
3.7 0.915369 0.026963
3.72 0.912645 0.0339241
3.74 0.910885 0.0393007
3.76 0.910192 0.0429864
3.78 0.910594 0.0450108
3.8 0.912073 0.0453877
3.82 0.914536 0.0440358
3.84 0.917725 0.0407352
3.86 0.921068 0.0351167
3.88 0.923563 0.0267257
3.9 0.924051 0.0118441
3.92 0.922429 0.00718521
3.94 0.919329 0.0116731
3.96 0.91568 0.019405
3.98 0.912295 0.0273444
4 0.90966 0.034141
4.02 0.908009 0.0393285
4.04 0.907432 0.0428268
4.06 0.907953 0.0446694
4.08 0.909547 0.0448626
4.1 0.91211 0.0433113
4.12 0.915357 0.0397783
4.14 0.918671 0.0338787
4.16 0.921005 0.0251573
4.18 0.921257 0.0101459
4.2 0.91944 0.00692262
4.22 0.916224 0.0119926
4.24 0.91256 0.019853
4.26 0.90923 0.0277057
4.28 0.906687 0.0343328
4.3 0.905146 0.0393308
4.32 0.904686 0.0426426
4.34 0.905326 0.0443041
4.36 0.907035 0.0443128
4.38 0.909695 0.0425595
4.4 0.912992 0.0387894
4.42 0.916265 0.0326029
4.44 0.918422 0.0235466
4.46 0.918442 0.00866593
4.48 0.916434 0.00675306
4.5 0.913113 0.012338
4.52 0.909443 0.0202933
4.54 0.906173 0.0280453
4.56 0.903726 0.0344987
4.58 0.902296 0.0393072
4.6 0.901954 0.0424336
4.62 0.902713 0.0439143
4.64 0.904536 0.0437378
4.66 0.90729 0.0417797
4.68 0.91063 0.0377677
4.7 0.913849 0.0312884
4.72 0.915813 0.0218931
4.74 0.915605 0.00738438
4.76 0.913411 0.0066659
4.78 0.909999 0.0127026
4.8 0.906332 0.0207217
4.82 0.903127 0.0283604
4.84 0.900778 0.0346368
4.86 0.89946 0.0392562
4.88 0.899236 0.0421984
4.9 0.900114 0.0434991
4.92 0.90205 0.0431366
4.94 0.904894 0.0409707
4.96 0.908269 0.0367121
4.98 0.91142 0.0299344
5 0.913176 0.0201957
5.02 0.912748 0.00628427
5.04 0.910377 0.00664935
5.06 0.906883 0.0130774
5.08 0.903228 0.0211315
5.1 0.900095 0.0286457
5.12 0.897846 0.0347426
5.14 0.896641 0.0391742
5.16 0.896535 0.0419342
5.18 0.897532 0.0430558
5.2 0.899578 0.0425068
5.22 0.902508 0.0401305
5.24 0.905909 0.0356204
5.26 0.908978 0.0285405
5.28 0.910543 0.0173849
5.3 0.909872 0.00535179
5.32 0.907335 0.00668779
5.34 0.903773 0.0134478
5.36 0.900143 0.0215097
5.38 0.897084 0.0288898
5.4 0.894935 0.0348065
5.42 0.893843 0.0390529
5.44 0.893854 0.0416339
5.46 0.894967 0.0425788
5.48 0.897123 0.0418436
5.5 0.900133 0.0392548
5.52 0.903549 0.0344892
5.54 0.906524 0.0271068
5.56 0.907875 0.0144462
5.58 0.906984 0.0045689
5.6 0.904298 0.0067552
5.62 0.900686 0.0137858
5.64 0.897082 0.0218314
5.66 0.894106 0.0290683
5.68 0.892058 0.0348066
5.7 0.891076 0.0388738
5.72 0.891201 0.0412821
5.74 0.892428 0.0420553
5.76 0.894689 0.0411366
5.78 0.897771 0.0383348
5.8 0.901193 0.0333111
5.82 0.904057 0.0256285
5.84 0.905181 0.0118524
5.86 0.904096 0.003903
5.88 0.901287 0.00680393
5.9 0.897643 0.014039
5.92 0.894083 0.022048
5.94 0.891188 0.0291337
5.96 0.889237 0.0347012
5.98 0.888358 0.0386015
6 0.88859 0.0408496
6.02 0.889923 0.0414617
6.04 0.892281 0.0403664
6.06 0.895428 0.0373544
6.08 0.898839 0.0320738
6.1 0.901581 0.0240923
6.12 0.902468 0.00952835
6.14 0.901236 0.00329118
6.16 0.898335 0.00675371
6.18 0.894683 0.0141263
6.2 0.891187 0.0220822
6.22 0.888367 0.0290162
6.24 0.886502 0.0344299
6.26 0.885715 0.0381854
6.28 0.886041 0.0402949
6.3 0.88747 0.0407645
6.32 0.889915 0.0395055
6.34 0.89311 0.0362917
6.36 0.896496 0.0307599
6.38 0.899083 0.0222739
6.4 0.899728 0.00753452
6.42 0.898178 0.002928
6.44 0.895038 0.00736847
6.46 0.891302 0.0150548
6.48 0.887824 0.022961
6.5 0.885105 0.0297318
